admin1
123456
0
21125027
1
1
21125029
1
1
21125161
1
1
21125090
1
1
21125099
1
1
21125042
1
1
21120011
1
1
21120012
1
1
21120013
1
1
21120014
1
1
21120015
1
1
21120017
1
1
21120018
1
1
21120019
1
1
21120020
1
1
21120021
1
1
21120022
1
1
21120023
1
1
21120024
1
1
21120025
1
1
21120027
1
1
21120028
1
1
21120029
1
1
21120030
1
1
21120031
1
1
21120032
1
1
21120033
1
1
21120037
1
1
21120038
1
1
21120040
1
1
21120041
1
1
21120042
1
1
21120043
1
1
21120044
1
1
21120045
1
1
21120046
1
1
21120049
1
1
21120050
1
1
21120053
1
1
21120054
1
1
21125001
1
1
21125002
1
1
